#
#
#  Percent Identity  Matrix - created by Clustal2.1 
#
#

     1: CTG21514.1             100.00    8.27    9.30   12.69   15.75   15.00   14.70   16.11   16.72   16.98   17.59   16.79   17.61   16.77   19.05   18.92   19.26   17.80   20.24   17.96   19.46   18.51   19.64   19.05   19.64   19.64   20.07   18.92   18.67   18.32   18.05   19.78   15.26   13.99   12.57   12.93   12.81   13.82   13.07   14.71   15.29   15.00   15.87   15.72   14.92   13.39   12.98   15.17   15.09   15.72   15.72   15.00   15.41   15.09   15.22   14.93   14.71   14.93    8.80   10.25    8.51   10.28    9.15   11.84   12.54   10.61    8.90   11.29    9.71    9.32    8.62    9.09   10.75   12.17   17.86   12.99   11.37   10.12   10.36
     2: CTG92199.1               8.27  100.00   12.12   20.55   21.72   18.45   18.47   19.02   21.56   22.32   20.63   21.99   21.21   19.56   19.20   21.68   23.56   22.12   22.42   22.32   21.24   21.27   22.12   22.12   22.12   22.12   22.66   22.12   21.24   22.12   22.12   23.56   15.69   15.70   19.00   17.91   13.50   17.12   15.98   17.94   18.47   18.02   17.77   17.26   16.59   17.84   16.52   17.68   16.16   17.17   17.17   18.02   16.67   16.24   18.47   18.47   18.92   19.37   14.10   13.43   13.18   13.17   14.03   14.09   13.24   12.44   14.93   15.42   14.29   14.55   14.55   15.00   13.00   15.00    8.00   16.51   17.62   17.33   16.14
     3: CTG90279.1               9.30   12.12  100.00   21.62   24.62   32.08   18.92   22.97   27.03   21.62   27.42   28.57   28.79   24.62   24.32   25.35   24.24   27.03   27.03   27.03   28.38   28.00   28.38   28.38   28.38   28.38   25.76   27.03   25.00   28.38   26.67   27.27   17.74   20.00   21.92   21.05   22.97   22.37   22.73   21.05   19.74   19.74   20.00   24.00   21.05   27.78   21.33   22.37   18.42   21.05   21.05   21.05   21.05   21.05   21.05   19.74   19.74   19.74   17.33   15.28   15.28   18.92   19.18   16.90   18.06   16.22   12.50   17.46   14.67   13.89   12.50   12.50   18.42   13.89   12.50   14.86   16.88   17.65   24.29
     4: XP_006638354.1          12.69   20.55   21.62  100.00   50.52   51.63   37.54   41.36   38.73   43.92   38.82   55.86   51.87   37.37   39.59   39.57   54.13   39.52   42.05   40.64   39.34   38.61   41.18   41.33   41.62   41.62   52.26   42.35   40.08   40.40   40.23   54.09   30.47   28.28   29.54   27.88   27.67   30.30   29.96   32.13   30.74   31.20   29.57   28.94   32.84   45.82   30.01   28.69   29.38   29.38   29.67   31.02   29.23   29.71   31.02   30.89   30.34   31.02   21.22   21.32   21.24   20.14   22.45   21.51   20.76   18.35   21.24   23.52   21.67   21.14   21.55   21.83   23.75   22.64   20.22   23.17   27.20   26.99   27.04
     5: XP_005994684.1          15.75   21.72   24.62   50.52  100.00   54.24   51.29   51.91   53.40   56.30   55.51   65.49   63.13   48.88   53.74   56.67   63.16   53.76   55.08   55.38   56.15   50.87   55.09   54.51   55.28   55.47   61.76   55.42   55.13   54.72   55.28   63.09   31.16   35.58   38.02   36.51   36.34   38.33   36.87   38.99   38.97   38.10   37.89   37.32   38.70   46.75   37.45   36.97   37.32   37.94   37.73   38.59   37.73   38.02   39.53   39.53   38.97   39.53   29.69   27.27   30.24   28.40   30.97   29.56   30.18   27.29   30.30   32.45   30.43   30.14   30.18   30.66   29.24   29.45   18.52   32.01   36.12   34.64   35.52
     6: XP_007909862.1          15.00   18.45   32.08   51.63   54.24  100.00   46.94   53.30   52.85   52.78   49.49   60.95   56.61   47.22   52.12   54.03   59.41   53.76   53.99   54.72   52.82   51.67   54.95   55.19   54.95   55.19   58.61   56.40   52.61   53.52   54.25   59.00   36.11   37.53   40.60   39.14   39.30   42.82   41.31   44.16   43.39   44.32   41.50   41.50   41.26   48.27   41.34   40.15   41.50   41.00   41.00   43.29   41.25   40.60   43.16   42.92   42.82   42.69   30.86   30.05   29.26   29.40   31.18   30.12   30.70   26.19   31.41   35.06   30.68   31.33   31.55   31.40   31.82   31.01   22.73   33.17   35.96   34.61   36.47
     7: XP_012808014.2          14.70   18.47   18.92   37.54   51.29   46.94  100.00   44.60   43.87   50.52   45.85   66.41   60.09   41.65   49.53   48.44   64.65   48.43   49.16   49.54   47.03   46.15   49.77   49.77   50.08   50.38   60.86   49.30   48.79   48.33   48.47   65.99   27.54   30.76   32.02   29.88   31.10   31.84   30.37   31.84   33.62   32.95   32.17   31.57   33.33   46.70   31.79   30.82   31.87   31.57   31.87   33.19   31.72   30.71   33.77   33.33   33.33   33.33   21.94   21.38   20.36   22.77   22.03   22.68   22.34   20.36   23.19   23.39   22.19   22.70   22.34   22.66   21.76   22.62   18.48   23.34   25.39   26.30   25.94
     8: ETE73308.1              16.11   19.02   22.97   41.36   51.91   53.30   44.60  100.00   44.55   58.38   51.13   65.08   64.32   42.64   50.66   51.04   65.44   51.19   51.40   51.88   49.60   47.57   52.88   53.37   51.92   52.24   64.52   51.25   50.16   50.08   50.08   64.30   31.33   30.38   32.43   30.38   30.16   33.18   31.90   33.94   34.29   34.03   32.69   33.65   34.21   44.95   32.48   31.92   33.65   32.85   32.85   33.83   32.53   32.37   34.56   34.50   33.68   34.50   23.47   20.78   21.68   21.74   23.88   23.92   23.11   21.28   23.67   24.31   22.68   23.49   23.70   23.74   23.31   23.89   18.48   23.49   26.54   25.88   25.95
     9: XP_007482569.1          16.72   21.56   27.03   38.73   53.40   52.85   43.87   44.55  100.00   56.00   55.45   67.24   63.20   52.55   55.76   57.20   70.69   57.58   57.42   58.93   57.59   54.90   59.04   59.04   58.49   58.90   69.45   56.73   57.97   57.38   58.04   71.43   30.09   27.81   29.99   28.87   29.51   31.62   29.19   31.45   32.17   32.56   30.64   30.65   31.11   47.31   30.27   30.43   30.25   30.93   30.79   31.92   30.38   30.42   32.29   32.29   31.79   31.76   22.58   22.92   23.32   23.06   24.73   24.59   25.40   22.39   25.78   26.09   24.42   24.42   25.51   25.37   23.66   23.71   23.66   24.20   26.04   28.00   27.64
    10: XP_003222596.2          16.98   22.32   21.62   43.92   56.30   52.78   50.52   58.38   56.00  100.00   63.85   77.44   73.99   58.32   62.50   63.54   73.81   62.60   63.22   66.19   62.76   59.31   64.06   64.22   63.44   63.75   72.12   64.33   63.54   63.61   63.40   73.60   31.11   31.87   35.91   30.82   32.30   34.23   31.64   34.15   35.04   34.93   34.30   33.33   35.57   44.23   33.38   32.65   33.81   33.81   33.17   34.73   33.49   33.07   34.81   34.81   34.13   35.11   23.93   24.80   24.50   25.78   26.05   27.12   25.70   22.71   26.96   27.83   26.07   25.16   26.05   25.94   25.68   26.59   28.57   28.26   31.48   29.43   29.53
    11: XP_008160844.1          17.59   20.63   27.42   38.82   55.51   49.49   45.85   51.13   55.45   63.85  100.00   75.34   73.47   49.10   53.25   55.52   71.23   55.59   54.73   56.92   54.08   52.57   57.19   57.65   56.57   57.03   70.05   56.60   55.92   55.08   56.13   71.47   28.19   28.81   31.30   31.29   30.67   31.97   30.29   31.68   31.55   32.37   32.19   31.73   31.15   49.31   30.44   32.17   31.99   32.15   32.46   32.02   32.92   33.13   32.30   32.30   32.02   32.30   20.99   21.54   22.86   23.76   22.90   23.36   23.16   23.72   23.40   24.68   22.67   22.49   23.37   23.20   23.44   23.43   24.71   23.84   26.22   26.76   26.38
    12: NP_001186122.1          16.79   21.99   28.57   55.86   65.49   60.95   66.41   65.08   67.24   77.44   75.34  100.00   93.87   71.57   77.67   76.98   77.86   77.75   78.24   79.95   76.62   71.93   79.53   79.30   79.07   79.53   79.42   79.18   78.14   78.70   79.07   78.94   41.19   42.22   48.71   42.45   44.16   47.55   43.83   47.34   46.95   47.66   47.64   47.27   47.51   52.38   46.01   44.97   47.27   47.27   47.27   48.25   47.27   46.75   49.28   49.28   47.55   49.04   30.14   30.81   32.44   33.91   32.52   32.68   33.01   28.67   33.67   36.75   31.13   31.45   31.57   31.87   33.17   32.53   31.88   35.47   38.75   37.35   38.00
    13: XP_013153409.1          17.61   21.21   28.79   51.87   63.13   56.61   60.09   64.32   63.20   73.99   73.47   93.87  100.00   63.05   72.20   72.87   76.69   72.12   72.55   74.85   72.49   67.68   74.30   74.30   73.90   74.30   74.21   73.39   73.08   74.50   73.90   78.60   36.72   37.63   42.83   38.82   40.00   43.14   39.75   43.03   43.40   43.23   43.20   42.48   42.19   50.25   41.40   41.10   42.70   42.70   42.70   43.94   42.70   42.05   44.69   44.69   43.34   44.49   28.90   27.78   28.88   32.02   29.56   29.68   30.36   27.22   31.06   33.80   29.17   29.70   29.64   29.48   32.12   30.37   27.63   31.80   36.48   34.04   34.23
    14: XP_006159184.1          16.77   19.56   24.62   37.37   48.88   47.22   41.65   42.64   52.55   58.32   49.10   71.57   63.05  100.00   72.73   74.52   83.86   75.88   73.39   76.71   74.93   75.99   77.32   77.05   77.05   77.19   84.47   77.01   74.97   75.72   77.99   86.40   30.63   25.82   31.67   27.09   27.26   30.99   27.42   30.84   31.84   32.38   30.25   30.12   29.81   45.19   28.98   30.13   30.55   30.26   29.83   31.71   29.97   30.45   32.28   32.00   31.57   32.14   20.63   22.37   22.86   22.90   22.40   22.63   23.58   22.38   25.81   25.68   23.04   24.04   24.50   24.25   24.77   24.70   26.88   26.41   27.35   25.94   25.71
    15: XP_006532473.1          19.05   19.20   24.32   39.59   53.74   52.12   49.53   50.66   55.76   62.50   53.25   77.67   72.20   72.73  100.00   75.37   89.44   74.80   77.07   78.35   76.48   73.11   77.48   77.21   77.61   78.15   88.80   77.38   74.80   75.99   78.15   91.01   31.86   29.65   33.33   30.43   30.77   33.25   29.50   33.20   33.56   34.13   32.53   32.68   32.78   47.99   31.16   32.09   33.10   32.68   32.25   34.22   32.82   33.43   34.55   34.55   33.82   34.41   23.83   24.42   24.83   26.33   26.35   25.17   26.27   23.95   27.31   27.67   25.14   25.35   26.12   25.62   26.64   27.79   30.11   27.76   31.75   28.42   29.45
    16: XP_003414352.1          18.92   21.68   25.35   39.57   56.67   54.03   48.44   51.04   57.20   63.54   55.52   76.98   72.87   74.52   75.37  100.00   89.57   80.62   79.07   80.85   80.29   78.22   81.55   81.69   81.42   82.08   90.24   81.36   85.14   80.66   82.13   90.79   30.51   29.83   33.25   30.28   30.61   33.85   30.11   33.82   34.16   35.10   33.33   33.33   33.06   48.05   31.69   32.75   33.88   33.61   32.78   34.41   33.33   33.38   35.00   35.00   34.41   34.87   23.85   24.80   24.57   25.60   25.33   26.17   25.70   23.97   27.75   28.25   26.28   26.53   27.24   26.71   26.82   26.96   28.89   27.39   29.96   27.73   29.26
    17: XP_013003800.1          19.26   23.56   24.24   54.13   63.16   59.41   64.65   65.44   70.69   73.81   71.23   77.86   76.69   83.86   89.44   89.57  100.00   88.91   91.91   91.44   86.49   84.28   91.91   91.01   91.01   91.46   91.75   91.98   90.93   90.52   91.69   90.32   37.99   41.82   47.86   40.55   41.83   44.59   41.36   45.37   45.12   45.82   45.25   44.67   45.72   50.40   42.86   42.86   44.67   44.42   43.92   46.17   44.42   44.42   46.54   46.08   45.50   46.54   30.86   31.75   31.92   32.86   32.94   33.89   33.88   29.70   35.34   37.50   32.31   33.65   33.64   33.72   33.56   34.11   33.33   35.55   40.27   37.59   38.22
    18: XP_005858648.1          17.80   22.12   27.03   39.52   53.76   53.76   48.43   51.19   57.58   62.60   55.59   77.75   72.12   75.88   74.80   80.62   88.91  100.00   79.14   81.23   83.29   78.40   82.21   82.60   81.95   82.34   90.45   81.40   80.83   82.62   86.03   93.27   32.11   28.43   31.86   28.53   28.72   31.35   28.13   30.88   31.89   32.07   30.69   30.34   31.22   45.66   30.24   29.91   30.70   30.29   29.76   31.65   30.43   30.60   32.05   31.92   31.52   31.79   24.16   24.45   24.61   25.88   26.13   26.77   26.25   24.13   27.63   27.94   25.26   25.93   26.60   25.98   26.07   26.49   27.96   27.11   29.40   27.93   29.82
    19: XP_008269868.1          20.24   22.42   27.03   42.05   55.08   53.99   49.16   51.40   57.42   63.22   54.73   78.24   72.55   73.39   77.07   79.07   91.91   79.14  100.00   79.41   79.15   76.77   80.59   80.86   80.19   80.73   91.45   77.92   78.56   79.68   82.34   93.32   31.80   28.62   32.08   27.70   28.06   31.18   27.97   31.01   31.09   31.66   30.66   30.45   30.31   48.94   29.39   30.28   30.41   30.15   30.54   31.83   30.45   30.32   32.38   32.26   31.62   32.13   25.07   24.30   25.16   26.89   25.49   26.29   25.98   24.56   27.32   26.78   26.10   27.25   27.85   27.63   24.63   26.62   26.88   25.96   29.38   29.40   29.93
    20: XP_003786275.1          17.96   22.32   27.03   40.64   55.38   54.72   49.54   51.88   58.93   66.19   56.92   79.95   74.85   76.71   78.35   80.85   91.44   81.23   79.41  100.00   82.57   82.69   85.98   86.37   86.76   87.16   93.35   86.12   80.66   81.76   84.24   93.30   32.71   28.68   33.94   29.48   30.21   33.68   29.72   33.60   33.99   34.69   33.10   33.10   32.82   47.70   31.23   32.42   33.38   32.82   32.55   34.25   32.82   32.87   34.67   34.67   34.12   34.53   25.26   25.27   25.84   26.55   25.84   25.68   26.96   23.89   27.83   27.99   25.34   25.76   26.72   26.22   27.89   25.87   31.18   29.15   30.90   28.11   29.40
    21: XP_006199331.1          19.46   21.24   28.38   39.34   56.15   52.82   47.03   49.60   57.59   62.76   54.08   76.62   72.49   74.93   76.48   80.29   86.49   83.29   79.15   82.57  100.00   78.26   81.57   81.96   81.96   82.09   88.57   81.49   79.87   85.46   86.16   93.35   32.56   28.31   32.86   29.39   29.43   32.73   28.93   33.07   33.03   32.81   31.45   31.59   31.84   48.00   30.82   31.04   32.01   31.46   31.32   33.16   31.59   31.64   33.47   33.20   32.90   33.20   24.45   24.97   25.50   26.40   27.08   26.20   27.04   25.43   28.94   29.89   26.21   27.33   27.96   27.61   26.87   27.03   25.81   28.50   30.76   28.80   30.08
    22: XP_012352933.1          18.51   21.27   28.00   38.61   50.87   51.67   46.15   47.57   54.90   59.31   52.57   71.93   67.68   75.99   73.11   78.22   84.28   78.40   76.77   82.69   78.26  100.00   93.38   93.25   91.30   91.69   89.63   87.21   77.23   78.23   81.70   85.78   32.05   27.63   32.51   28.17   29.10   32.42   28.57   32.35   32.72   34.21   31.66   32.08   31.80   45.27   30.22   31.11   32.50   31.81   31.67   33.25   31.81   31.71   33.69   33.56   33.12   33.56   24.17   24.63   26.54   25.81   25.57   26.50   27.00   23.90   29.23   29.25   24.83   26.34   27.30   26.80   26.53   26.60   26.37   28.90   29.69   29.25   29.77
    23: sp|Q5YCV9.4|TAU_HYLLA   19.64   22.12   28.38   41.18   55.09   54.95   49.77   52.88   59.04   64.06   57.19   79.53   74.30   77.32   77.48   81.55   91.91   82.21   80.59   85.98   81.57   93.38  100.00   97.16   94.59   94.85   95.98   91.18   80.98   82.07   85.64   93.10   33.44   29.49   34.11   29.96   30.95   34.07   30.13   33.91   34.38   35.86   33.43   33.84   33.43   48.28   31.89   32.83   34.26   33.56   33.43   34.90   33.56   33.47   35.37   35.24   34.77   35.24   25.30   24.93   26.57   26.01   26.70   27.38   27.33   25.17   29.62   29.63   25.37   26.47   27.55   27.06   27.28   27.39   30.11   29.30   31.08   28.94   29.69
    24: NP_001116538.2          19.05   22.12   28.38   41.33   54.51   55.19   49.77   53.37   59.04   64.22   57.65   79.30   74.30   77.05   77.21   81.69   91.01   82.60   80.86   86.37   81.96   93.25   97.16  100.00   94.85   95.10   95.98   90.91   81.11   81.81   85.38   92.65   33.44   29.75   34.24   30.24   31.09   34.20   30.27   34.05   34.38   35.86   33.43   33.84   33.57   48.28   31.89   32.83   34.40   33.56   33.56   35.03   33.70   33.61   35.37   35.24   34.77   35.24   25.43   24.66   26.70   26.28   26.57   27.66   27.20   24.50   28.80   29.36   25.37   26.34   27.28   26.93   27.02   27.13   30.11   29.30   30.56   28.67   29.43
    25: XP_002800600.1          19.64   22.12   28.38   41.62   55.28   54.95   50.08   51.92   58.49   63.44   56.57   79.07   73.90   77.05   77.61   81.42   91.01   81.95   80.19   86.76   81.96   91.30   94.59   94.85  100.00   98.84   95.57   91.04   80.58   81.28   85.38   91.98   32.94   29.75   34.64   30.24   31.22   33.94   30.40   33.78   34.38   35.73   33.29   33.84   33.84   47.82   32.02   32.83   34.40   33.84   33.43   35.03   33.84   33.47   35.37   35.24   34.77   35.24   25.96   25.34   26.70   26.55   27.10   27.52   28.15   25.30   29.35   29.09   25.51   27.02   27.69   27.20   27.28   26.99   30.11   29.70   30.43   29.61   30.09
    26: XP_003913279.2          19.64   22.12   28.38   41.62   55.47   55.19   50.38   52.24   58.90   63.75   57.03   79.53   74.30   77.19   78.15   82.08   91.46   82.34   80.73   87.16   82.09   91.69   94.85   95.10   98.84  100.00   95.77   91.04   80.98   81.68   86.03   92.20   33.11   29.75   34.64   30.52   31.64   34.46   30.67   34.31   34.91   36.26   33.84   34.40   34.12   48.05   32.28   33.38   34.95   34.40   33.98   35.56   34.40   34.03   35.90   35.77   35.29   35.77   25.96   25.74   26.70   26.68   27.10   27.66   28.15   25.30   29.48   29.23   25.64   27.16   27.82   27.33   27.42   26.99   30.11   29.57   30.69   29.61   29.96
    27: XP_008995083.1          20.07   22.66   25.76   52.26   61.76   58.61   60.86   64.52   69.45   72.12   70.05   79.42   74.21   84.47   88.80   90.24   91.75   90.45   91.45   93.35   88.57   89.63   95.98   95.98   95.57   95.77  100.00   97.38   92.06   91.63   92.14   93.16   37.83   40.25   44.31   39.69   40.44   42.80   39.96   43.01   43.47   43.81   42.60   43.43   43.61   51.56   41.43   41.56   43.43   42.76   42.32   44.02   43.21   43.43   45.21   45.21   44.22   45.21   31.97   31.36   32.84   33.26   33.33   34.69   34.60   30.00   35.48   37.85   32.35   33.76   33.96   34.03   34.51   32.98   31.94   35.47   38.87   36.82   37.60
    28: XP_010328565.2          18.92   22.12   27.03   42.35   55.42   56.40   49.30   51.25   56.73   64.33   56.60   79.18   73.39   77.01   77.38   81.36   91.98   81.40   77.92   86.12   81.49   87.21   91.18   90.91   91.04   91.04   97.38  100.00   82.17   82.84   84.56   93.87   33.16   27.21   32.65   28.10   28.66   31.49   28.09   31.28   31.89   32.92   31.24   31.42   30.75   50.00   29.30   30.59   32.03   31.38   30.86   32.51   31.29   31.16   32.96   32.83   32.43   32.71   25.51   24.93   26.42   27.11   26.42   27.58   27.45   25.45   28.42   27.05   25.88   26.88   27.86   27.35   26.09   27.22   30.11   25.91   28.78   29.21   30.12
    29: XP_007957952.1          18.67   21.24   25.00   40.08   55.13   52.61   48.79   50.16   57.97   63.54   55.92   78.14   73.08   74.97   74.80   85.14   90.93   80.83   78.56   80.66   79.87   77.23   80.98   81.11   80.58   80.98   92.06   82.17  100.00   80.34   83.16   94.38   30.90   30.33   33.42   30.29   29.77   33.98   29.92   33.56   33.90   34.33   33.19   32.92   33.19   48.17   30.89   32.20   32.92   32.78   32.23   34.03   32.92   32.96   34.62   34.48   34.03   34.48   24.84   25.07   25.50   27.08   25.76   26.67   26.80   23.71   27.74   28.61   25.17   26.54   26.81   26.59   26.35   27.25   26.37   28.55   30.27   28.69   29.88
    30: XP_005983781.1          18.32   22.12   28.38   40.40   54.72   53.52   48.33   50.08   57.38   63.61   55.08   78.70   74.50   75.72   75.99   80.66   90.52   82.62   79.68   81.76   85.46   78.23   82.07   81.81   81.28   81.68   91.63   82.84   80.34  100.00   85.64   95.33   31.21   28.93   33.12   29.07   29.81   32.86   30.09   32.27   33.16   33.46   31.99   31.58   31.78   48.58   31.45   31.70   32.27   31.99   31.44   33.16   32.27   31.90   33.33   33.20   32.77   33.20   24.51   23.96   23.97   25.94   26.50   25.60   26.99   23.77   27.27   28.92   25.61   26.06   26.85   26.49   27.08   26.19   27.96   28.46   30.74   28.23   28.57
    31: EFB25687.1              18.05   22.12   26.67   40.23   55.28   54.25   48.47   50.08   58.04   63.40   56.13   79.07   73.90   77.99   78.15   82.13   91.69   86.03   82.34   84.24   86.16   81.70   85.64   85.38   85.38   86.03   92.14   84.56   83.16   85.64  100.00   95.55   31.28   29.15   33.68   29.55   30.41   32.90   30.01   33.33   33.33   33.90   32.04   32.18   32.31   48.05   31.50   31.75   32.46   32.04   31.91   33.72   32.32   32.64   34.04   33.77   33.33   33.77   24.67   25.37   25.90   26.68   26.83   27.21   26.78   25.03   28.82   28.17   26.08   26.91   27.44   27.09   26.48   27.25   30.11   28.78   30.79   28.82   29.64
    32: XP_013845380.1          19.78   23.56   27.27   54.09   63.09   59.00   65.99   64.30   71.43   73.60   71.47   78.94   78.60   86.40   91.01   90.79   90.32   93.27   93.32   93.30   93.35   85.78   93.10   92.65   91.98   92.20   93.16   93.87   94.38   95.33   95.55  100.00   40.00   41.95   47.53   41.40   42.08   44.39   42.33   44.78   44.70   45.17   44.11   44.78   46.32   51.47   42.89   43.13   44.28   44.03   43.78   45.74   44.03   44.28   46.42   46.65   45.29   46.42   31.77   31.13   33.64   34.12   34.43   36.15   35.13   30.25   36.84   38.52   32.39   34.43   34.41   34.27   33.64   35.48   29.17   37.03   41.65   39.95   39.41
    33: XP_006634278.1          15.26   15.69   17.74   30.47   31.16   36.11   27.54   31.33   30.09   31.11   28.19   41.19   36.72   30.63   31.86   30.51   37.99   32.11   31.80   32.71   32.56   32.05   33.44   33.44   32.94   33.11   37.83   33.16   30.90   31.21   31.28   40.00  100.00   26.04   28.57   27.02   29.56   30.59   30.08   31.93   31.42   31.48   29.37   30.05   32.56   41.00   29.46   29.05   29.37   29.71   29.37   31.59   28.86   29.76   32.10   31.77   31.59   31.77   26.28   25.21   23.87   25.40   26.22   24.80   25.36   21.96   24.71   28.05   24.75   25.16   24.47   24.79   25.32   23.60   21.25   26.34   28.46   28.99   28.09
    34: XP_007898318.1          13.99   15.70   20.00   28.28   35.58   37.53   30.76   30.38   27.81   31.87   28.81   42.22   37.63   25.82   29.65   29.83   41.82   28.43   28.62   28.68   28.31   27.63   29.49   29.75   29.75   29.75   40.25   27.21   30.33   28.93   29.15   41.95   26.04  100.00   39.89   34.35   34.00   37.21   34.45   37.24   37.50   37.85   38.07   38.44   36.55   59.82   34.88   38.37   38.07   37.99   37.87   37.90   37.81   37.63   38.58   38.20   38.18   38.25   18.76   17.17   17.49   16.93   18.30   19.16   17.99   16.47   17.84   13.98   17.59   17.95   18.10   18.15   14.77   17.98   22.58   12.96   14.27   21.31   20.94
    35: XP_006636477.1          12.57   19.00   21.92   29.54   38.02   40.60   32.02   32.43   29.99   35.91   31.30   48.71   42.83   31.67   33.33   33.25   47.86   31.86   32.08   33.94   32.86   32.51   34.11   34.24   34.64   34.64   44.31   32.65   33.42   33.12   33.68   47.53   28.57   39.89  100.00   45.12   45.91   50.07   46.13   50.33   49.29   50.14   50.49   50.30   50.16   64.91   48.07   50.22   50.45   50.41   50.30   50.28   50.38   50.11   50.92   51.22   50.35   51.07   19.33   19.21   20.55   18.98   20.57   21.68   19.58   18.54   19.58   17.75   19.23   19.14   19.70   19.78   16.10   20.02   28.26   18.11   19.19   22.12   21.76
    36: XP_012826494.1          12.93   17.91   21.05   27.88   36.51   39.14   29.88   30.38   28.87   30.82   31.29   42.45   38.82   27.09   30.43   30.28   40.55   28.53   27.70   29.48   29.39   28.17   29.96   30.24   30.24   30.52   39.69   28.10   30.29   29.07   29.55   41.40   27.02   34.35   45.12  100.00   47.68   51.46   49.03   50.85   51.12   52.13   51.96   52.16   50.55   69.51   49.76   51.82   51.95   52.57   51.80   52.12   52.12   52.26   52.10   52.07   51.90   51.72   15.81   16.49   16.65   17.86   18.03   18.48   17.94   17.63   17.82   14.47   17.44   17.88   18.05   18.31   14.44   16.95   22.58   13.94   15.62   19.91   19.64
    37: XP_005279754.1          12.81   13.50   22.97   27.67   36.34   39.30   31.10   30.16   29.51   32.30   30.67   44.16   40.00   27.26   30.77   30.61   41.83   28.72   28.06   30.21   29.43   29.10   30.95   31.09   31.22   31.64   40.44   28.66   29.77   29.81   30.41   42.08   29.56   34.00   45.91   47.68  100.00   60.23   62.48   57.76   59.81   60.18   59.87   61.29   62.45   71.56   66.22   61.32   60.53   61.05   60.81   61.10   60.86   60.72   60.55   60.71   60.83   60.83   18.04   18.15   17.67   16.60   19.26   19.13   18.19   18.65   18.17   14.02   17.57   18.59   18.13   18.65   14.44   18.13   19.57   14.64   16.54   20.23   22.06
    38: XP_013012914.1          13.82   17.12   22.37   30.30   38.33   42.82   31.84   33.18   31.62   34.23   31.97   47.55   43.14   30.99   33.25   33.85   44.59   31.35   31.18   33.68   32.73   32.42   34.07   34.20   33.94   34.46   42.80   31.49   33.98   32.86   32.90   44.39   30.59   37.21   50.07   51.46   60.23  100.00   57.69   78.34   81.14   82.09   82.53   82.20   69.42   78.07   60.90   83.38   83.78   83.94   83.88   84.62   83.50   82.28   83.20   82.95   82.78   82.79   20.50   20.55   20.21   19.53   21.12   21.89   21.03   18.90   20.45   15.63   20.68   21.47   21.30   21.44   17.11   21.04   27.96   17.21   18.41   23.30   23.56
    39: XP_008112315.1          13.07   15.98   22.73   29.96   36.87   41.31   30.37   31.90   29.19   31.64   30.29   43.83   39.75   27.42   29.50   30.11   41.36   28.13   27.97   29.72   28.93   28.57   30.13   30.27   30.40   30.67   39.96   28.09   29.92   30.09   30.01   42.33   30.08   34.45   46.13   49.03   62.48   57.69  100.00   58.08   58.39   58.15   59.82   59.43   58.52   75.81   61.33   59.07   59.31   59.92   59.29   59.55   59.46   58.99   60.24   60.17   59.17   60.23   19.01   18.74   18.98   17.61   19.25   20.42   19.76   17.18   19.60   14.34   18.23   18.64   18.73   19.13   15.72   19.19   24.14   15.77   16.98   22.08   23.22
    40: XP_006495809.1          14.71   17.94   21.05   32.13   38.99   44.16   31.84   33.94   31.45   34.15   31.68   47.34   43.03   30.84   33.20   33.82   45.37   30.88   31.01   33.60   33.07   32.35   33.91   34.05   33.78   34.31   43.01   31.28   33.56   32.27   33.33   44.78   31.93   37.24   50.33   50.85   57.76   78.34   58.08  100.00   79.08   80.63   80.14   79.64   69.38   78.86   60.29   81.11   80.42   80.62   80.79   81.60   80.57   79.57   81.89   81.27   81.38   81.27   21.20   19.96   20.68   18.85   20.83   21.60   20.36   18.69   20.59   16.33   20.45   21.18   21.02   21.15   16.73   20.67   29.03   17.83   18.10   22.37   22.95
    41: XP_006082532.1          15.29   18.47   19.74   30.74   38.97   43.39   33.62   34.29   32.17   35.04   31.55   46.95   43.40   31.84   33.56   34.16   45.12   31.89   31.09   33.99   33.03   32.72   34.38   34.38   34.38   34.91   43.47   31.89   33.90   33.16   33.33   44.70   31.42   37.50   49.29   51.12   59.81   81.14   58.39   79.08  100.00   84.10   85.19   84.70   72.37   79.50   61.24   85.18   86.27   87.54   86.87   88.05   87.42   84.51   86.41   86.39   86.53   86.23   21.18   20.63   20.20   19.51   21.01   21.66   21.31   18.48   20.33   16.02   20.29   21.16   20.80   21.13   17.04   21.71   26.88   17.67   18.99   23.07   23.73
    42: XP_008257297.1          15.00   18.02   19.74   31.20   38.10   44.32   32.95   34.03   32.56   34.93   32.37   47.66   43.23   32.38   34.13   35.10   45.82   32.07   31.66   34.69   32.81   34.21   35.86   35.86   35.73   36.26   43.81   32.92   34.33   33.46   33.90   45.17   31.48   37.85   50.14   52.13   60.18   82.09   58.15   80.63   84.10  100.00   86.48   86.05   71.13   78.93   60.67   86.39   87.39   87.78   87.27   87.23   87.60   85.98   87.84   87.39   87.30   87.82   20.94   20.68   20.16   19.29   21.35   22.47   21.36   18.44   20.58   16.20   19.77   20.53   20.57   20.70   16.78   21.46   29.03   17.78   18.34   23.23   23.59
    43: XP_003785034.1          15.87   17.77   20.00   29.57   37.89   41.50   32.17   32.69   30.64   34.30   32.19   47.64   43.20   30.25   32.53   33.33   45.25   30.69   30.66   33.10   31.45   31.66   33.43   33.43   33.29   33.84   42.60   31.24   33.19   31.99   32.04   44.11   29.37   38.07   50.49   51.96   59.87   82.53   59.82   80.14   85.19   86.48  100.00   85.20   71.17   80.46   61.77   87.22   86.71   87.33   87.36   87.81   87.53   87.34   88.88   88.70   89.03   88.48   19.85   18.99   19.05   18.07   19.94   20.93   19.60   18.58   18.98   15.26   19.08   20.06   20.10   20.45   15.40   20.06   27.96   17.27   18.01   22.73   22.60
    44: XP_003406137.1          15.72   17.26   24.00   28.94   37.32   41.50   31.57   33.65   30.65   33.33   31.73   47.27   42.48   30.12   32.68   33.33   44.67   30.34   30.45   33.10   31.59   32.08   33.84   33.84   33.84   34.40   43.43   31.42   32.92   31.58   32.18   44.78   30.05   38.44   50.30   52.16   61.29   82.20   59.43   79.64   84.70   86.05   85.20  100.00   71.88   79.88   62.30   86.88   87.12   87.79   87.61   88.27   87.17   85.85   86.86   87.44   87.44   87.00   19.79   19.57   19.53   18.54   20.20   20.63   19.75   19.06   19.45   16.08   19.22   20.31   20.04   20.29   16.30   20.21   29.03   17.47   18.14   21.81   22.04
    45: XP_012401853.1          14.92   16.59   21.05   32.84   38.70   41.26   33.33   34.21   31.11   35.57   31.15   47.51   42.19   29.81   32.78   33.06   45.72   31.22   30.31   32.82   31.84   31.80   33.43   33.57   33.84   34.12   43.61   30.75   33.19   31.78   32.31   46.32   32.56   36.55   50.16   50.55   62.45   69.42   58.52   69.38   72.37   71.13   71.17   71.88  100.00   81.34   62.31   72.04   72.04   72.23   71.73   72.70   72.25   71.62   72.42   72.54   72.54   72.71   20.87   21.17   20.15   19.35   21.47   22.55   21.39   18.01   20.36   15.66   19.52   21.17   20.69   20.75   16.30   20.39   25.30   16.75   17.26   23.59   23.52
    46: XP_005244460.1          13.39   17.84   27.78   45.82   46.75   48.27   46.70   44.95   47.31   44.23   49.31   52.38   50.25   45.19   47.99   48.05   50.40   45.66   48.94   47.70   48.00   45.27   48.28   48.28   47.82   48.05   51.56   50.00   48.17   48.58   48.05   51.47   41.00   59.82   64.91   69.51   71.56   78.07   75.81   78.86   79.50   78.93   80.46   79.88   81.34  100.00   86.17   79.43   79.50   79.69   80.85   79.86   80.08   78.92   80.84   80.84   80.04   80.29   27.98   26.22   27.18   27.22   27.66   33.81   28.29   24.00   27.91   29.84   27.82   28.29   28.02   28.43   28.54   30.49   24.36   31.38   33.83   33.77   33.52
    47: XP_004942495.1          12.98   16.52   21.33   30.01   37.45   41.34   31.79   32.48   30.27   33.38   30.44   46.01   41.40   28.98   31.16   31.69   42.86   30.24   29.39   31.23   30.82   30.22   31.89   31.89   32.02   32.28   41.43   29.30   30.89   31.45   31.50   42.89   29.46   34.88   48.07   49.76   66.22   60.90   61.33   60.29   61.24   60.67   61.77   62.30   62.31   86.17  100.00   60.91   61.77   62.35   62.42   62.15   61.80   61.20   61.76   62.08   61.21   62.03   19.76   19.08   19.41   17.97   20.45   21.08   19.92   17.81   19.44   15.77   18.16   19.06   18.73   19.14   15.32   20.62   22.58   15.65   17.63   22.13   23.22
    48: XP_006140134.1          15.17   17.68   22.37   28.69   36.97   40.15   30.82   31.92   30.43   32.65   32.17   44.97   41.10   30.13   32.09   32.75   42.86   29.91   30.28   32.42   31.04   31.11   32.83   32.83   32.83   33.38   41.56   30.59   32.20   31.70   31.75   43.13   29.05   38.37   50.22   51.82   61.32   83.38   59.07   81.11   85.18   86.39   87.22   86.88   72.04   79.43   60.91  100.00   88.19   88.65   88.68   88.92   88.18   87.01   88.94   88.42   88.83   88.53   19.32   19.32   19.27   18.41   19.84   21.09   19.69   18.70   19.62   15.68   19.92   20.91   20.64   20.98   15.64   19.75   30.11   17.04   18.19   22.09   21.68
    49: XP_004427558.1          15.09   16.16   18.42   29.38   37.32   41.50   31.87   33.65   30.25   33.81   31.99   47.27   42.70   30.55   33.10   33.88   44.67   30.70   30.41   33.38   32.01   32.50   34.26   34.40   34.40   34.95   43.43   32.03   32.92   32.27   32.46   44.28   29.37   38.07   50.45   51.95   60.53   83.78   59.31   80.42   86.27   87.39   86.71   87.12   72.04   79.50   61.77   88.19  100.00   90.82   90.04   90.47   89.77   86.83   88.09   88.12   88.51   88.29   20.32   20.06   20.02   19.01   20.68   20.98   21.11   19.67   20.24   16.03   19.62   20.21   20.45   20.49   16.16   20.21   29.03   17.53   18.04   22.02   21.93
    50: XP_002930198.3          15.72   17.17   21.05   29.38   37.94   41.00   31.57   32.85   30.93   33.81   32.15   47.27   42.70   30.26   32.68   33.61   44.42   30.29   30.15   32.82   31.46   31.81   33.56   33.56   33.84   34.40   42.76   31.38   32.78   31.99   32.04   44.03   29.71   37.99   50.41   52.57   61.05   83.94   59.92   80.62   87.54   87.78   87.33   87.79   72.23   79.69   62.35   88.65   90.82  100.00   90.71   91.31   90.22   87.33   88.60   88.47   88.91   88.69   19.58   19.24   19.10   18.42   20.28   21.20   20.27   18.73   19.74   15.73   19.42   20.10   20.14   20.39   15.95   20.63   30.11   17.49   17.88   22.45   22.66
    51: XP_006205305.1          15.72   17.17   21.05   29.67   37.73   41.00   31.87   32.85   30.79   33.17   32.46   47.27   42.70   29.83   32.25   32.78   43.92   29.76   30.54   32.55   31.32   31.67   33.43   33.56   33.43   33.98   42.32   30.86   32.23   31.44   31.91   43.78   29.37   37.87   50.30   51.80   60.81   83.88   59.29   80.79   86.87   87.27   87.36   87.61   71.73   80.85   62.42   88.68   90.04   90.71  100.00   92.59   92.05   87.04   88.46   88.17   88.55   88.23   19.26   19.86   18.69   18.52   19.98   20.75   20.06   18.52   19.02   15.50   18.73   19.79   19.84   19.88   15.62   20.21   29.03   17.02   17.70   21.81   21.83
    52: XP_013839900.1          15.00   18.02   21.05   31.02   38.59   43.29   33.19   33.83   31.92   34.73   32.02   48.25   43.94   31.71   34.22   34.41   46.17   31.65   31.83   34.25   33.16   33.25   34.90   35.03   35.03   35.56   44.02   32.51   34.03   33.16   33.72   45.74   31.59   37.90   50.28   52.12   61.10   84.62   59.55   81.60   88.05   87.23   87.81   88.27   72.70   79.86   62.15   88.92   90.47   91.31   92.59  100.00   93.25   87.92   89.03   89.07   89.55   89.28   20.82   20.66   20.43   19.64   21.04   21.80   21.15   18.62   20.76   17.03   20.32   21.00   21.03   21.17   17.17   21.84   29.03   18.14   18.86   23.51   23.37
    53: XP_004262822.1          15.41   16.67   21.05   29.23   37.73   41.25   31.72   32.53   30.38   33.49   32.92   47.27   42.70   29.97   32.82   33.33   44.42   30.43   30.45   32.82   31.59   31.81   33.56   33.70   33.84   34.40   43.21   31.29   32.92   32.27   32.32   44.03   28.86   37.81   50.38   52.12   60.86   83.50   59.46   80.57   87.42   87.60   87.53   87.17   72.25   80.08   61.80   88.18   89.77   90.22   92.05   93.25  100.00   87.10   88.41   88.44   88.72   88.55   19.26   19.55   19.10   18.33   19.88   20.75   20.06   19.15   19.33   15.86   19.12   19.90   19.63   19.88   16.10   20.32   30.11   16.97   17.76   22.34   22.35
    54: XP_008046808.1          15.09   16.24   21.05   29.71   38.02   40.60   30.71   32.37   30.42   33.07   33.13   46.75   42.05   30.45   33.43   33.38   44.42   30.60   30.32   32.87   31.64   31.71   33.47   33.61   33.47   34.03   43.43   31.16   32.96   31.90   32.64   44.28   29.76   37.63   50.11   52.26   60.72   82.28   58.99   79.57   84.51   85.98   87.34   85.85   71.62   78.92   61.20   87.01   86.83   87.33   87.04   87.92   87.10  100.00   89.77   89.31   89.97   89.70   19.60   19.47   19.12   18.64   19.60   21.34   19.56   18.65   20.16   15.75   19.04   19.81   19.86   20.00   15.84   20.55   29.03   17.64   17.80   21.94   21.96
    55: XP_008997639.1          15.22   18.47   21.05   31.02   39.53   43.16   33.77   34.56   32.29   34.81   32.30   49.28   44.69   32.28   34.55   35.00   46.54   32.05   32.38   34.67   33.47   33.69   35.37   35.37   35.37   35.90   45.21   32.96   34.62   33.33   34.04   46.42   32.10   38.58   50.92   52.10   60.55   83.20   60.24   81.89   86.41   87.84   88.88   86.86   72.42   80.84   61.76   88.94   88.09   88.60   88.46   89.03   88.41   89.77  100.00   96.12   96.39   96.12   21.20   20.85   20.22   20.00   21.62   22.04   20.97   18.38   21.22   16.51   20.31   21.30   21.43   21.56   16.69   21.71   29.03   18.33   18.95   23.51   23.39
    56: XP_001109205.3          14.93   18.47   19.74   30.89   39.53   42.92   33.33   34.50   32.29   34.81   32.30   49.28   44.69   32.00   34.55   35.00   46.08   31.92   32.26   34.67   33.20   33.56   35.24   35.24   35.24   35.77   45.21   32.83   34.48   33.20   33.77   46.65   31.77   38.20   51.22   52.07   60.71   82.95   60.17   81.27   86.39   87.39   88.70   87.44   72.54   80.84   62.08   88.42   88.12   88.47   88.17   89.07   88.44   89.31   96.12  100.00   97.85   97.42   20.80   20.73   20.50   19.89   21.50   21.80   21.15   18.57   21.10   16.54   20.19   21.18   21.31   21.44   16.75   21.41   29.03   18.25   19.04   23.69   23.46
    57: XP_011509496.1          14.71   18.92   19.74   30.34   38.97   42.82   33.33   33.68   31.79   34.13   32.02   47.55   43.34   31.57   33.82   34.41   45.50   31.52   31.62   34.12   32.90   33.12   34.77   34.77   34.77   35.29   44.22   32.43   34.03   32.77   33.33   45.29   31.59   38.18   50.35   51.90   60.83   82.78   59.17   81.38   86.53   87.30   89.03   87.44   72.54   80.04   61.21   88.83   88.51   88.91   88.55   89.55   88.72   89.97   96.39   97.85  100.00   98.17   20.62   20.47   20.04   19.74   21.23   21.59   20.85   18.23   20.56   16.37   20.13   20.90   21.03   21.17   16.62   21.14   27.96   18.18   18.85   23.30   23.17
    58: XP_012357075.1          14.93   19.37   19.74   31.02   39.53   42.69   33.33   34.50   31.76   35.11   32.30   49.04   44.49   32.14   34.41   34.87   46.54   31.79   32.13   34.53   33.20   33.56   35.24   35.24   35.24   35.77   45.21   32.71   34.48   33.20   33.77   46.42   31.77   38.25   51.07   51.72   60.83   82.79   60.23   81.27   86.23   87.82   88.48   87.00   72.71   80.29   62.03   88.53   88.29   88.69   88.23   89.28   88.55   89.70   96.12   97.42   98.17  100.00   21.00   20.73   20.50   19.60   21.41   22.12   21.26   18.47   21.10   16.48   20.48   21.38   21.41   21.54   16.81   21.61   29.03   18.14   19.04   23.38   23.26
    59: XP_012398874.1           8.80   14.10   17.33   21.22   29.69   30.86   21.94   23.47   22.58   23.93   20.99   30.14   28.90   20.63   23.83   23.85   30.86   24.16   25.07   25.26   24.45   24.17   25.30   25.43   25.96   25.96   31.97   25.51   24.84   24.51   24.67   31.77   26.28   18.76   19.33   15.81   18.04   20.50   19.01   21.20   21.18   20.94   19.85   19.79   20.87   27.98   19.76   19.32   20.32   19.58   19.26   20.82   19.26   19.60   21.20   20.80   20.62   21.00  100.00   30.01   31.99   29.39   31.96   34.73   33.48   30.36   32.02   28.60   30.46   33.15   33.84   33.37   25.46   29.59   10.75   27.32   28.32   31.03   31.84
    60: NP_001192259.1          10.25   13.43   15.28   21.32   27.27   30.05   21.38   20.78   22.92   24.80   21.54   30.81   27.78   22.37   24.42   24.80   31.75   24.45   24.30   25.27   24.97   24.63   24.93   24.66   25.34   25.74   31.36   24.93   25.07   23.96   25.37   31.13   25.21   17.17   19.21   16.49   18.15   20.55   18.74   19.96   20.63   20.68   18.99   19.57   21.17   26.22   19.08   19.32   20.06   19.24   19.86   20.66   19.55   19.47   20.85   20.73   20.47   20.73   30.01  100.00   47.31   57.83   49.13   48.12   51.96   48.21   49.50   44.02   55.20   48.93   50.25   50.00   26.40   28.01   16.28   28.11   30.56   32.79   32.78
