#
#
#  Percent Identity  Matrix - created by Clustal2.1 
#
#

     1: CTG21514.1             100.00   16.12   14.70   18.44   15.99   17.29   18.84   20.60   19.50   18.47   19.30   19.03   21.39   21.41   21.31   20.70   21.26   20.47   22.69   18.45   21.35   21.35   20.76   20.76   20.83   20.81   21.70   21.19   21.28   21.02
     2: XP_006638354.1          16.12  100.00   53.06   49.50   38.00   41.11   37.59   41.16   39.83   56.55   52.40   38.25   42.00   42.75   55.16   41.07   42.41   41.52   41.69   41.18   43.47   43.90   43.76   44.19   51.44   43.81   42.29   42.57   42.35   55.35
     3: XP_007909862.1          14.70   53.06  100.00   52.06   46.75   52.94   52.21   52.51   49.62   58.24   56.06   45.91   51.51   53.01   57.14   53.94   53.47   53.94   52.31   50.70   54.27   54.27   53.81   54.04   56.22   53.98   52.08   52.78   53.72   57.38
     4: XP_005994684.1          18.44   49.50   52.06  100.00   52.53   54.88   56.06   57.76   58.87   63.83   61.25   51.52   58.08   58.55   60.00   57.84   58.59   59.02   59.56   54.06   58.04   58.04   57.65   57.84   59.36   58.51   57.96   58.48   58.87   62.24
     5: XP_012808014.2          15.99   38.00   46.75   52.53  100.00   44.33   45.65   50.43   46.09   62.89   58.19   41.63   47.56   48.18   61.85   47.43   47.38   48.22   46.00   44.48   47.45   47.59   47.59   47.88   56.56   47.33   47.76   47.16   47.36   62.09
     6: ETE73308.1              17.29   41.11   52.94   54.88   44.33  100.00   47.40   59.86   54.60   67.61   67.90   42.90   50.73   51.12   65.74   50.64   51.53   52.60   49.76   47.11   52.23   52.23   51.91   52.07   67.22   51.48   50.89   50.08   50.48   65.75
     7: XP_007482569.1          18.84   37.59   52.21   56.06   45.65   47.40  100.00   58.05   56.25   68.70   63.52   53.53   57.38   59.92   73.05   59.33   59.36   60.44   59.97   56.42   60.43   60.57   59.49   59.89   70.96   59.42   60.43   59.46   60.30   73.54
     8: XP_003222596.2          20.60   41.16   52.51   57.76   50.43   59.86   58.05  100.00   67.16   77.67   74.50   57.01   62.54   64.39   74.38   62.58   64.81   66.24   62.26   59.56   64.13   64.29   63.35   63.66   72.93   64.45   64.07   63.62   63.37   73.72
     9: XP_008160844.1          19.50   39.83   49.62   58.87   46.09   54.60   56.25   67.16  100.00   77.56   75.53   50.08   53.56   58.12   72.40   56.44   55.78   57.38   55.59   54.11   58.22   58.53   58.53   58.83   70.77   57.82   58.81   56.05   57.05   73.10
    10: NP_001186122.1          18.47   56.55   58.24   63.83   62.89   67.61   68.70   77.67   77.56  100.00   93.04   69.40   78.14   77.67   78.32   77.99   78.47   79.95   76.85   72.64   79.77   79.53   79.30   79.77   79.66   79.42   78.14   78.70   79.07   78.94
    11: XP_013153409.1          19.30   52.40   56.06   61.25   58.19   67.90   63.52   74.50   75.53   93.04  100.00   66.05   72.89   74.09   76.89   72.93   73.40   75.45   72.40   68.70   74.90   74.90   74.50   74.90   74.22   74.01   73.68   74.60   74.50   78.18
    12: XP_006159184.1          19.03   38.25   45.91   51.52   41.63   42.90   53.53   57.01   50.08   69.40   66.05  100.00   71.55   74.23   80.65   74.60   73.18   75.81   73.80   74.73   76.20   75.80   75.67   75.80   81.69   75.75   73.68   74.16   76.31   83.14
    13: XP_006532473.1          21.39   42.00   51.51   58.08   47.56   50.73   57.38   62.54   53.56   78.14   72.89   71.55  100.00   76.64   90.34   76.26   77.58   79.20   77.24   73.72   77.81   77.41   77.67   78.21   88.52   77.62   75.88   76.68   78.84   90.85
    14: XP_003414352.1          21.41   42.75   53.01   58.55   48.18   51.12   59.92   64.39   58.12   77.67   74.09   74.23   76.64  100.00   90.93   81.14   80.37   81.90   81.36   79.68   82.48   82.61   82.48   83.14   91.04   82.59   85.86   81.71   82.68   91.69
    15: XP_013003800.1          21.31   55.16   57.14   60.00   61.85   65.74   73.05   74.38   72.40   78.32   76.89   80.65   90.34   90.93  100.00   89.82   92.62   92.57   87.25   85.42   92.36   91.69   91.46   91.91   91.92   92.16   91.61   91.26   92.36   90.83
    16: XP_005858648.1          20.70   41.07   53.94   57.84   47.43   50.64   59.33   62.58   56.44   77.99   72.93   74.60   76.26   81.14   89.82  100.00   79.79   81.23   83.29   78.66   82.21   82.60   81.95   82.34   90.45   81.40   80.83   82.49   86.42   93.27
    17: XP_008269868.1          21.26   42.41   53.47   58.59   47.38   51.53   59.36   64.81   55.78   78.47   73.40   73.18   77.58   80.37   92.62   79.79  100.00   80.35   79.81   77.82   81.38   81.65   80.97   81.38   91.43   78.67   79.21   80.05   82.86   93.33
    18: XP_003786275.1          20.47   41.52   53.94   59.02   48.22   52.60   60.44   66.24   57.38   79.95   75.45   75.81   79.20   81.90   92.57   81.23   80.35  100.00   82.57   82.83   85.98   86.37   86.76   87.16   93.35   86.12   80.66   81.63   83.84   93.30
    19: XP_006199331.1          22.69   41.69   52.31   59.56   46.00   49.76   59.97   62.26   55.59   76.85   72.40   73.80   77.24   81.36   87.25   83.29   79.81   82.57  100.00   78.39   81.57   81.96   81.96   82.09   88.57   81.49   79.87   85.33   85.64   93.35
    20: XP_012352933.1          18.45   41.18   50.70   54.06   44.48   47.11   56.42   59.56   54.11   72.64   68.70   74.73   73.72   79.68   85.42   78.66   77.82   82.83   78.39  100.00   93.64   93.51   91.69   92.08   90.02   87.47   77.50   78.23   81.36   86.23
    21: sp|Q5YCV9.4|TAU_HYLLA   21.35   43.47   54.27   58.04   47.45   52.23   60.43   64.13   58.22   79.77   74.90   76.20   77.81   82.48   92.36   82.21   81.38   85.98   81.57   93.64  100.00   97.16   94.59   94.85   95.98   91.18   80.98   81.81   84.88   93.10
    22: NP_001116538.2          21.35   43.90   54.27   58.04   47.59   52.23   60.57   64.29   58.53   79.53   74.90   75.80   77.41   82.61   91.69   82.60   81.65   86.37   81.96   93.51   97.16  100.00   94.85   95.10   95.98   90.91   81.11   81.68   84.75   92.65
    23: XP_002800600.1          20.76   43.76   53.81   57.65   47.59   51.91   59.49   63.35   58.53   79.30   74.50   75.67   77.67   82.48   91.46   81.95   80.97   86.76   81.96   91.69   94.59   94.85  100.00   98.84   95.57   91.04   80.58   81.28   84.75   91.98
    24: XP_003913279.2          20.76   44.19   54.04   57.84   47.88   52.07   59.89   63.66   58.83   79.77   74.90   75.80   78.21   83.14   91.91   82.34   81.38   87.16   82.09   92.08   94.85   95.10   98.84  100.00   95.77   91.04   80.98   81.68   85.40   92.20
    25: XP_008995083.1          20.83   51.44   56.22   59.36   56.56   67.22   70.96   72.93   70.77   79.66   74.22   81.69   88.52   91.04   91.92   90.45   91.43   93.35   88.57   90.02   95.98   95.98   95.57   95.77  100.00   97.38   92.06   91.63   92.32   93.16
    26: XP_010328565.2          20.81   43.81   53.98   58.51   47.33   51.48   59.42   64.45   57.82   79.42   74.01   75.75   77.62   82.59   92.16   81.40   78.67   86.12   81.49   87.47   91.18   90.91   91.04   91.04   97.38  100.00   82.17   82.70   83.90   93.87
    27: XP_007957952.1          21.70   42.29   52.08   57.96   47.76   50.89   60.43   64.07   58.81   78.14   73.68   73.68   75.88   85.86   91.61   80.83   79.21   80.66   79.87   77.50   80.98   81.11   80.58   80.98   92.06   82.17  100.00   80.21   83.16   94.38
    28: XP_005983781.1          21.19   42.57   52.78   58.48   47.16   50.08   59.46   63.62   56.05   78.70   74.60   74.16   76.68   81.71   91.26   82.49   80.05   81.63   85.33   78.23   81.81   81.68   81.28   81.68   91.63   82.70   80.21  100.00   84.85   95.33
    29: EFB25687.1              21.28   42.35   53.72   58.87   47.36   50.48   60.30   63.37   57.05   79.07   74.50   76.31   78.84   82.68   92.36   86.42   82.86   83.84   85.64   81.36   84.88   84.75   84.75   85.40   92.32   83.90   83.16   84.85  100.00   95.55
    30: XP_013845380.1          21.02   55.35   57.38   62.24   62.09   65.75   73.54   73.72   73.10   78.94   78.18   83.14   90.85   91.69   90.83   93.27   93.33   93.30   93.35   86.23   93.10   92.65   91.98   92.20   93.16   93.87   94.38   95.33   95.55  100.00
